202
0:(-1,-1)(-1,-1), 199, 196, 195, 194, 193, 192, 191, 190, 186, 183, 182, 181, 180, 179, 178, 176, 175, 173, 171, 169, 168, 167, 165, 164, 162, 160, 157, 156, 155, 154, 152, 149, 146, 143, 142, 139, 138, 137, 136, 135, 134, 133, 128, 126, 125, 124, 121, 120, 119, 118, 117, 116, 115, 114, 108, 107, 104, 103, 102, 100, 99, 98, 95, 89, 88, 86, 85, 84, 82, 80, 79, 78, 71, 68, 66, 65, 64, 63, 62, 59, 57, 46, 43, 42, 41, 40, 26, 25, 24, 5, 1
1:(-1,-1)(-1,-1), 4, 3, 2, 0
2:(-1,-1)(-1,-1), 1
3:(-1,-1)(-1,-1), 1
4:(-1,-1)(-1,-1), 1
5:(-1,-1)(-1,-1), 23, 21, 6, 0
6:(-1,-1)(-1,-1), 20, 19, 18, 17, 16, 15, 14, 13, 12, 11, 10, 9, 8, 7, 5
7:(-1,-1)(-1,-1), 6
8:(-1,-1)(-1,-1), 6
9:(-1,-1)(-1,-1), 6
10:(-1,-1)(-1,-1), 6
11:(-1,-1)(-1,-1), 6
12:(-1,-1)(-1,-1), 6
13:(-1,-1)(-1,-1), 6
14:(-1,-1)(-1,-1), 6
15:(-1,-1)(-1,-1), 6
16:(-1,-1)(-1,-1), 6
17:(-1,-1)(-1,-1), 6
18:(-1,-1)(-1,-1), 6
19:(-1,-1)(-1,-1), 6
20:(-1,-1)(-1,-1), 6
21:(-1,-1)(-1,-1), 22, 5
22:(-1,-1)(-1,-1), 21
23:(-1,-1)(-1,-1), 5
24:(-1,-1)(-1,-1), 0
25:(-1,-1)(-1,-1), 0
26:(-1,-1)(-1,-1), 39, 38, 27, 0
27:(-1,-1)(-1,-1), 37, 36, 35, 34, 33, 32, 31, 30, 29, 28, 26
28:(-1,-1)(-1,-1), 27
29:(-1,-1)(-1,-1), 27
30:(-1,-1)(-1,-1), 27
31:(-1,-1)(-1,-1), 27
32:(-1,-1)(-1,-1), 27
33:(-1,-1)(-1,-1), 27
34:(-1,-1)(-1,-1), 27
35:(-1,-1)(-1,-1), 27
36:(-1,-1)(-1,-1), 27
37:(-1,-1)(-1,-1), 27
38:(-1,-1)(-1,-1), 26
39:(-1,-1)(-1,-1), 26
40:(-1,-1)(-1,-1), 0
41:(-1,-1)(-1,-1), 0
42:(-1,-1)(-1,-1), 0
43:(-1,-1)(-1,-1), 45, 44, 0
44:(-1,-1)(-1,-1), 43
45:(-1,-1)(-1,-1), 43
46:(-1,-1)(-1,-1), 56, 53, 52, 51, 47, 0
47:(-1,-1)(-1,-1), 50, 49, 48, 46
48:(-1,-1)(-1,-1), 47
49:(-1,-1)(-1,-1), 47
50:(-1,-1)(-1,-1), 47
51:(-1,-1)(-1,-1), 46
52:(-1,-1)(-1,-1), 46
53:(-1,-1)(-1,-1), 55, 54, 46
54:(-1,-1)(-1,-1), 53
55:(-1,-1)(-1,-1), 53
56:(-1,-1)(-1,-1), 46
57:(-1,-1)(-1,-1), 58, 0
58:(-1,-1)(-1,-1), 57
59:(-1,-1)(-1,-1), 61, 60, 0
60:(-1,-1)(-1,-1), 59
61:(-1,-1)(-1,-1), 59
62:(-1,-1)(-1,-1), 0
63:(-1,-1)(-1,-1), 0
64:(-1,-1)(-1,-1), 0
65:(-1,-1)(-1,-1), 0
66:(-1,-1)(-1,-1), 67, 0
67:(-1,-1)(-1,-1), 66
68:(-1,-1)(-1,-1), 70, 69, 0
69:(-1,-1)(-1,-1), 68
70:(-1,-1)(-1,-1), 68
71:(-1,-1)(-1,-1), 77, 76, 75, 74, 73, 72, 0
72:(-1,-1)(-1,-1), 71
73:(-1,-1)(-1,-1), 71
74:(-1,-1)(-1,-1), 71
75:(-1,-1)(-1,-1), 71
76:(-1,-1)(-1,-1), 71
77:(-1,-1)(-1,-1), 71
78:(-1,-1)(-1,-1), 0
79:(-1,-1)(-1,-1), 0
80:(-1,-1)(-1,-1), 81, 0
81:(-1,-1)(-1,-1), 80
82:(-1,-1)(-1,-1), 83, 0
83:(-1,-1)(-1,-1), 82
84:(-1,-1)(-1,-1), 0
85:(-1,-1)(-1,-1), 0
86:(-1,-1)(-1,-1), 87, 0
87:(-1,-1)(-1,-1), 86
88:(-1,-1)(-1,-1), 0
89:(-1,-1)(-1,-1), 94, 93, 92, 91, 90, 0
90:(-1,-1)(-1,-1), 89
91:(-1,-1)(-1,-1), 89
92:(-1,-1)(-1,-1), 89
93:(-1,-1)(-1,-1), 89
94:(-1,-1)(-1,-1), 89
95:(-1,-1)(-1,-1), 96, 0
96:(-1,-1)(-1,-1), 97, 95
97:(-1,-1)(-1,-1), 96
98:(-1,-1)(-1,-1), 0
99:(-1,-1)(-1,-1), 0
100:(-1,-1)(-1,-1), 101, 0
101:(-1,-1)(-1,-1), 100
102:(-1,-1)(-1,-1), 0
103:(-1,-1)(-1,-1), 0
104:(-1,-1)(-1,-1), 106, 105, 0
105:(-1,-1)(-1,-1), 104
106:(-1,-1)(-1,-1), 104
107:(-1,-1)(-1,-1), 0
108:(-1,-1)(-1,-1), 113, 112, 111, 110, 109, 0
109:(-1,-1)(-1,-1), 108
110:(-1,-1)(-1,-1), 108
111:(-1,-1)(-1,-1), 108
112:(-1,-1)(-1,-1), 108
113:(-1,-1)(-1,-1), 108
114:(-1,-1)(-1,-1), 0
115:(-1,-1)(-1,-1), 0
116:(-1,-1)(-1,-1), 0
117:(-1,-1)(-1,-1), 0
118:(-1,-1)(-1,-1), 0
119:(-1,-1)(-1,-1), 0
120:(-1,-1)(-1,-1), 0
121:(-1,-1)(-1,-1), 123, 122, 0
122:(-1,-1)(-1,-1), 121
123:(-1,-1)(-1,-1), 121
124:(-1,-1)(-1,-1), 0
125:(-1,-1)(-1,-1), 0
126:(-1,-1)(-1,-1), 127, 0
127:(-1,-1)(-1,-1), 126
128:(-1,-1)(-1,-1), 131, 129, 0
129:(-1,-1)(-1,-1), 130, 128
130:(-1,-1)(-1,-1), 129
131:(-1,-1)(-1,-1), 132, 128
132:(-1,-1)(-1,-1), 131
133:(-1,-1)(-1,-1), 0
134:(-1,-1)(-1,-1), 0
135:(-1,-1)(-1,-1), 0
136:(-1,-1)(-1,-1), 0
137:(-1,-1)(-1,-1), 0
138:(-1,-1)(-1,-1), 0
139:(-1,-1)(-1,-1), 141, 140, 0
140:(-1,-1)(-1,-1), 139
141:(-1,-1)(-1,-1), 139
142:(-1,-1)(-1,-1), 0
143:(-1,-1)(-1,-1), 145, 144, 0
144:(-1,-1)(-1,-1), 143
145:(-1,-1)(-1,-1), 143
146:(-1,-1)(-1,-1), 148, 147, 0
147:(-1,-1)(-1,-1), 146
148:(-1,-1)(-1,-1), 146
149:(-1,-1)(-1,-1), 151, 150, 0
150:(-1,-1)(-1,-1), 149
151:(-1,-1)(-1,-1), 149
152:(-1,-1)(-1,-1), 153, 0
153:(-1,-1)(-1,-1), 152
154:(-1,-1)(-1,-1), 0
155:(-1,-1)(-1,-1), 0
156:(-1,-1)(-1,-1), 0
157:(-1,-1)(-1,-1), 159, 158, 0
158:(-1,-1)(-1,-1), 157
159:(-1,-1)(-1,-1), 157
160:(-1,-1)(-1,-1), 161, 0
161:(-1,-1)(-1,-1), 160
162:(-1,-1)(-1,-1), 163, 0
163:(-1,-1)(-1,-1), 162
164:(-1,-1)(-1,-1), 0
165:(-1,-1)(-1,-1), 166, 0
166:(-1,-1)(-1,-1), 165
167:(-1,-1)(-1,-1), 0
168:(-1,-1)(-1,-1), 0
169:(-1,-1)(-1,-1), 170, 0
170:(-1,-1)(-1,-1), 169
171:(-1,-1)(-1,-1), 172, 0
172:(-1,-1)(-1,-1), 171
173:(-1,-1)(-1,-1), 174, 0
174:(-1,-1)(-1,-1), 173
175:(-1,-1)(-1,-1), 0
176:(-1,-1)(-1,-1), 177, 0
177:(-1,-1)(-1,-1), 176
178:(-1,-1)(-1,-1), 0
179:(-1,-1)(-1,-1), 0
180:(-1,-1)(-1,-1), 0
181:(-1,-1)(-1,-1), 0
182:(-1,-1)(-1,-1), 0
183:(-1,-1)(-1,-1), 185, 184, 0
184:(-1,-1)(-1,-1), 183
185:(-1,-1)(-1,-1), 183
186:(-1,-1)(-1,-1), 189, 188, 187, 0
187:(-1,-1)(-1,-1), 186
188:(-1,-1)(-1,-1), 186
189:(-1,-1)(-1,-1), 186
190:(-1,-1)(-1,-1), 0
191:(-1,-1)(-1,-1), 0
192:(-1,-1)(-1,-1), 0
193:(-1,-1)(-1,-1), 0
194:(-1,-1)(-1,-1), 0
195:(-1,-1)(-1,-1), 0
196:(-1,-1)(-1,-1), 198, 197, 0
197:(-1,-1)(-1,-1), 196
198:(-1,-1)(-1,-1), 196
199:(-1,-1)(-1,-1), 201, 200, 0
200:(-1,-1)(-1,-1), 199
201:(-1,-1)(-1,-1), 199
0::(-1,-1)(-1,-1)